61 19403763
97 18692018
8 17973242
87 16876076
82 15208200
21 14944455
40 14713878
53 14594946
5 14441268
32 13642411
43 13121753
72 12812038
41 12476111
0 11929367
79 11897860
94 11874158
17 10841433
59 10571468
37 10561557
96 10254300
84 10135835
4 9968789
85 9434598
60 8807846
12 8763395
69 8588636
29 8564838
63 8510916
27 8258678
13 8062589
44 7760354
86 7672175
92 7636708
1 7586912
67 7507732
76 7388528
7 7316905
95 7302893
16 7281825
30 6936186
66 6822255
57 6767955
34 6686632
6 6644686
9 6523853
62 6505129
50 6452816
3 6379940
89 6360413
25 6360372
33 6357475
70 6335420
23 6156170
2 6085177
47 6050285
98 5954005
14 5798752
45 5610189
24 5461064
10 5381527
90 5115978
38 5081582
18 5052631
48 5000611
36 4987977
99 4932042
64 4836870
42 4795378
55 4783447
78 4737971
26 4649924
51 4499835
54 4312010
88 4066939
31 4026891
56 4010252
49 3900049
81 3822823
71 3735001
46 3695609
19 3676356
77 3648552
52 3592459
15 3532633
28 3440023
68 3099978
83 2909274
39 2875367
20 2666379
22 2599566
75 2481579
80 2395010
58 2347027
65 2200196
93 2155871
74 2052418
73 1728240
11 1461585
91 1374325
35 382937
